<?xml version="1.0"?>
<opencv_storage>
<K1 type_id="opencv-matrix">
  <rows>3</rows>
  <cols>3</cols>
  <dt>d</dt>
  <data>
    5.2508416748046875e+02 0. 3.1661613691018283e+02 0.
    5.1968701171875000e+02 2.3050092757526727e+02 0. 0. 1.</data></K1>
<K2 type_id="opencv-matrix">
  <rows>3</rows>
  <cols>3</cols>
  <dt>d</dt>
  <data>
    6.1367822265625000e+02 0. 3.2234956744316150e+02 0.
    6.1147003173828125e+02 2.3573998358738208e+02 0. 0. 1.</data></K2>
<R type_id="opencv-matrix">
  <rows>3</rows>
  <cols>3</cols>
  <dt>d</dt>
  <data>
    9.9994450116497446e-01 9.7505002111705052e-03
    -3.9902801358307552e-03 -9.8563746041753445e-03
    9.9957501045174924e-01 -2.7434473934225458e-02
    3.7210844645894411e-03 2.7472281048676914e-02 9.9961563978580781e-01</data></R>
<t type_id="opencv-matrix">
  <rows>3</rows>
  <cols>1</cols>
  <dt>d</dt>
  <data>
    1.2647717094807075e+02 -2.5987607545313971e+01
    -4.2241035891470098e+00</data></t>
<F type_id="opencv-matrix">
  <rows>3</rows>
  <cols>3</cols>
  <dt>d</dt>
  <data>
    3.2636384520853965e-08 -8.3629185814682538e-07
    3.4148456616949680e-03 1.1115281975070923e-06 8.4109038478179070e-07
    1.5170388190763315e-02 -3.8543256458435375e-03
    -1.8459338392637574e-02 1.</data></F>
<dist1 type_id="opencv-matrix">
  <rows>1</rows>
  <cols>5</cols>
  <dt>d</dt>
  <data>
    1.8067949750236140e-01 -4.4566694361299536e-01
    -1.6608898732008816e-03 -3.3214278080282567e-04
    5.6859586116994587e-01</data></dist1>
<dist2 type_id="opencv-matrix">
  <rows>1</rows>
  <cols>5</cols>
  <dt>d</dt>
  <data>
    8.7249006283640670e-02 -2.2118694750095100e-01
    -9.4713125888196581e-04 5.3533379912048943e-04
    2.6174244215179693e-01</data></dist2>
</opencv_storage>